1,0.15,0.296,0.048,0.124,0.034,0.068,0.412,0.09,0.166,0.056,0.096,0.118,0.042,0.124,0.132,0.126,0.232,0.022,0.12,0.042,0.004,0,0.116,0.052,0.03,0.008,0.042,0.072,0.01,0.002,0.016,0.006,0.042,0.014,0.102,0.02,0.018,0.04,0,0.012,0.002,0.002,0.078,0,0.01,0.006,0,0.006,0.016,0.008,0.064,0.064,0.04,0.002,0,0.02,0.004,0.002,0.002,0.002,0.008,0.038,0.036,0.026,0,0.042,0,0,0,0.022,0.002,0.004,0.002,0,0,0.008,0,0,0,0,0,0,0,0.002,0.002,0.002,0,0,0.014,0,0,0,0,0,0,0,0,0,0,0.002,0.004,0,0,0,0.006,0.02,0.022,0.024,0,0.014,0.006,0.002,0.014,0.012,0.004,0,0.002,0.04,0.004,0.004,0,0,0.002,0.002,0,0.002,0,0,0,0,0,0,0,0.01,0,0.006,0.046,0.016,0.002,0.002,0,0,0.022,0.002,0,0.008,0.032,0.002,0,0,0.002,0.004,0,0,0,0,0.002,0,0,0,0,0.006,0,0.012,0,0,0.008,0,0,0,0,0.002,0,0.002,0,0,0,0,0,0,0,0,0,0,0,0,0,0,0,0,0.012,0,0.012,0,0.006,0,0,0,0,0,0,0,0,0,0,0,0,0,0,0,0,0
0.15,1,0.09,0.132,0.53,0.102,0.244,0.21,0.156,0.072,0.038,0.01,0.268,0.086,0.192,0.128,0.036,0.144,0.112,0.242,0.162,0.096,0.032,0.004,0.176,0.036,0.03,0.034,0.094,0.016,0.008,0.006,0.01,0.002,0.006,0.028,0,0,0.012,0.012,0.028,0,0.038,0.004,0,0.004,0.05,0.002,0.006,0.04,0.006,0,0.004,0.028,0.002,0.026,0,0,0,0.01,0.044,0.002,0.002,0,0.004,0,0.006,0,0.006,0.006,0.002,0,0,0,0.002,0.002,0.002,0.002,0.002,0,0.002,0.002,0.012,0.008,0.004,0.002,0,0,0,0,0,0.002,0.004,0,0.002,0,0,0,0,0,0.02,0.002,0,0.004,0,0,0.008,0.012,0,0.002,0,0.014,0,0.03,0,0,0.002,0,0.004,0.002,0,0,0.008,0,0.028,0,0.008,0,0.002,0.032,0.006,0,0.006,0,0.006,0,0.006,0.006,0,0.002,0.002,0,0.004,0.002,0.01,0,0,0.002,0.002,0,0,0.004,0,0.004,0.002,0,0.002,0,0,0,0,0.002,0.006,0,0.012,0,0,0.008,0,0,0,0,0,0,0.004,0,0,0,0,0,0,0,0,0,0,0,0,0,0,0,0,0.008,0,0.01,0,0.002,0,0,0,0,0,0,0,0,0,0,0,0,0,0,0,0,0
0.296,0.09,1,0.054,0.136,0.03,0.08,0.426,0.064,0.162,0.04,0.072,0.136,0.084,0.188,0.232,0.072,0.06,0.08,0.084,0.028,0.058,0.022,0.04,0.058,0.036,0.016,0.052,0.106,0.018,0,0,0.01,0.016,0.024,0.026,0.004,0.006,0,0.006,0.024,0,0.002,0.022,0.002,0.048,0.008,0.02,0.008,0.006,0.012,0.01,0.01,0.048,0.006,0.002,0.002,0.012,0.002,0,0.008,0.002,0.006,0.018,0.002,0,0.004,0,0,0,0,0,0,0,0,0,0,0,0,0,0,0,0,0,0,0,0,0,0,0.006,0,0,0,0,0,0,0.002,0,0,0,0.042,0.036,0.008,0.008,0.004,0.004,0.102,0.076,0.012,0.002,0.014,0.016,0.004,0.02,0.008,0.002,0.01,0.008,0.022,0.004,0.02,0,0.006,0.002,0.006,0,0.002,0.002,0,0,0,0.002,0,0,0.026,0,0.022,0.01,0.004,0.004,0.008,0.002,0.006,0.016,0.006,0.004,0.002,0.014,0.012,0.004,0.008,0.01,0.006,0.014,0,0,0.004,0.006,0.004,0,0.002,0,0.014,0,0.036,0,0,0.002,0.002,0.004,0,0,0.006,0,0.006,0,0,0.004,0.002,0,0,0,0,0,0,0,0,0,0,0,0,0.008,0,0.034,0,0.01,0.002,0,0,0,0,0,0,0,0,0,0,0,0,0,0,0,0
0.048,0.132,0.054,1,0.124,0.098,0.144,0.088,0.106,0.198,0.024,0.034,0.044,0.018,0.202,0.056,0.072,0.08,0.056,0.246,0.102,0.238,0.156,0.104,0.028,0.014,0.102,0.018,0.012,0.022,0.018,0.052,0.084,0.014,0.07,0.034,0.01,0.004,0.06,0.004,0.014,0.032,0.01,0.004,0.006,0.066,0.004,0.02,0.054,0.102,0.016,0.02,0.006,0.006,0,0.006,0.01,0.018,0,0,0.01,0.002,0.004,0.002,0.002,0.008,0.008,0,0,0,0.01,0,0,0,0,0,0.004,0,0.002,0.002,0,0,0,0.002,0.01,0.004,0.004,0.004,0,0.018,0.006,0.008,0.01,0,0.01,0.006,0,0.002,0.004,0,0.008,0.016,0.018,0.018,0.028,0.014,0.012,0.008,0.022,0.002,0.008,0,0,0.004,0.006,0.002,0.004,0.004,0.008,0.002,0.004,0,0.008,0.01,0.002,0.004,0.012,0.004,0,0.01,0.006,0.004,0.012,0,0.042,0.028,0.006,0.01,0.012,0.008,0.016,0,0.002,0.004,0.002,0,0.022,0.006,0.01,0.012,0.024,0,0.002,0,0,0.002,0,0,0.002,0,0.012,0,0,0,0.004,0,0,0.004,0,0.002,0.01,0,0,0.002,0,0,0.002,0.002,0.006,0,0,0,0.002,0,0.002,0,0,0,0.004,0.002,0,0,0,0,0,0,0,0.002,0,0.002,0,0.002,0.004,0.002,0,0,0.002,0,0,0,0.002,0,0.002
0.124,0.53,0.136,0.124,1,0.118,0.142,0.16,0.152,0.054,0.102,0.016,0.248,0.076,0.228,0.198,0.046,0.094,0.1,0.268,0.112,0.082,0.04,0.004,0.164,0.09,0.016,0.03,0.082,0.012,0.002,0.006,0.008,0.002,0.006,0.022,0,0.004,0.008,0.004,0.014,0,0.02,0.002,0,0.002,0.024,0.002,0.004,0.03,0.006,0,0.004,0.018,0.004,0.02,0,0,0,0.004,0.038,0,0,0,0.002,0,0.002,0.006,0.012,0.008,0.002,0,0,0,0.008,0.014,0.004,0.008,0.006,0,0.012,0.006,0.006,0.006,0,0.002,0,0,0,0,0,0.002,0.002,0,0,0,0,0,0,0,0.026,0.02,0.002,0.008,0.002,0,0.034,0.01,0,0.002,0,0.012,0,0.018,0,0,0.002,0,0.002,0.002,0,0,0.016,0.002,0.012,0.002,0.006,0,0,0.01,0.006,0.004,0.004,0,0.008,0.002,0.004,0.004,0,0,0,0,0.002,0,0.002,0,0,0,0.002,0,0,0.002,0.004,0,0,0,0.002,0,0.002,0,0,0,0.01,0,0.016,0,0,0.004,0.002,0.002,0,0,0,0,0.002,0,0,0,0,0,0,0,0,0,0,0,0,0,0,0,0,0.006,0,0.002,0,0,0,0,0,0,0,0,0,0,0,0,0,0,0,0,0,0,0
0.034,0.102,0.03,0.098,0.118,1,0.092,0.042,0.092,0.1,0.21,0.158,0.112,0.058,0.066,0.088,0.058,0.242,0.08,0.226,0.2,0.088,0.156,0.032,0.072,0.124,0.06,0.016,0.118,0.008,0.032,0.01,0.034,0.01,0.044,0.014,0.006,0.004,0.044,0,0.004,0.014,0.01,0,0.004,0.006,0.006,0.014,0.016,0.08,0.01,0.006,0.002,0.048,0.034,0.006,0.006,0.01,0,0.002,0.002,0,0.004,0,0,0.002,0.002,0.032,0.006,0.004,0.002,0.004,0.004,0.012,0.018,0.024,0.002,0.02,0.016,0.018,0.038,0.06,0.018,0.052,0.016,0.006,0,0,0.008,0.002,0.004,0.03,0.022,0,0.01,0,0,0,0,0,0.008,0.004,0.006,0.008,0.004,0.002,0.002,0,0,0.008,0,0.004,0,0,0,0,0.014,0,0.012,0.002,0,0.01,0.002,0.002,0.008,0,0.006,0.004,0.01,0.008,0,0.016,0.004,0.012,0.026,0.022,0.024,0.004,0.002,0.02,0,0.01,0.002,0.032,0.002,0.024,0.004,0.006,0.016,0.006,0,0,0.002,0,0,0,0.002,0,0.006,0,0,0.002,0,0,0,0,0,0.002,0,0.006,0,0,0,0,0,0,0,0.002,0,0,0,0,0.002,0,0,0,0,0,0.002,0,0,0.002,0,0,0,0,0,0,0,0.002,0,0.002,0.002,0.002,0,0,0.002,0,0,0,0,0,0
0.068,0.244,0.08,0.144,0.142,0.092,1,0.114,0.058,0.154,0.046,0.012,0.126,0.322,0.1,0.128,0.072,0.036,0.428,0.134,0.068,0.32,0.182,0.034,0.122,0.016,0.092,0.004,0.082,0.002,0,0.006,0.014,0,0.032,0.002,0.008,0,0.004,0.002,0.002,0.002,0.01,0.002,0.004,0.014,0.024,0,0.006,0.05,0.006,0.01,0.002,0.004,0.006,0.01,0.002,0,0,0.01,0.002,0,0.006,0,0,0,0,0,0.002,0,0.004,0,0,0,0.008,0,0.004,0.004,0,0,0.002,0.008,0.014,0.014,0,0.004,0.002,0.006,0.002,0.002,0.002,0,0,0,0,0.002,0,0,0,0,0.012,0.012,0.01,0.012,0.004,0,0.002,0.002,0.004,0.006,0,0.018,0,0.022,0,0,0.002,0,0.006,0,0,0.002,0.008,0.002,0.054,0.002,0.018,0.002,0.014,0.026,0.02,0.012,0.01,0.008,0.016,0.002,0.006,0.006,0,0.01,0,0.006,0,0.006,0.004,0,0.002,0.002,0.002,0.004,0.008,0,0.006,0.004,0.008,0.002,0.006,0,0.006,0,0,0.008,0,0,0.012,0,0,0,0.002,0.004,0,0,0.002,0,0.012,0,0,0,0.006,0.002,0,0,0,0,0,0.002,0,0,0,0,0,0,0,0.002,0,0,0,0,0,0,0,0,0,0,0,0,0,0,0,0,0,0,0
0.412,0.21,0.426,0.088,0.16,0.042,0.114,1,0.104,0.214,0.074,0.07,0.18,0.052,0.25,0.272,0.042,0.09,0.052,0.154,0.052,0.048,0.024,0.05,0.076,0.036,0.026,0.066,0.166,0.012,0,0.002,0.002,0.002,0.038,0.022,0.002,0.006,0.002,0,0.01,0,0.002,0.008,0,0.036,0.016,0.012,0.006,0.012,0.012,0.016,0.012,0.048,0.002,0.004,0.006,0.002,0,0.002,0.006,0,0.002,0.022,0,0,0.002,0,0,0,0.002,0,0,0,0,0,0.002,0,0,0.002,0,0.002,0,0.002,0.006,0.012,0.006,0.002,0,0,0.004,0,0,0,0,0.004,0.002,0,0,0.002,0.004,0.008,0,0.002,0.002,0.002,0.062,0.048,0.008,0,0,0.008,0,0.02,0.002,0,0,0,0.012,0.01,0.012,0,0.006,0.002,0.004,0,0.002,0,0.002,0.002,0,0.002,0,0.002,0.028,0,0.02,0.008,0,0.004,0.01,0,0.004,0.002,0.004,0.004,0,0.004,0.004,0.002,0.01,0.004,0.012,0.008,0,0,0.002,0,0,0,0.002,0.002,0.014,0,0.058,0,0,0.01,0,0,0,0,0.002,0,0.008,0,0,0.002,0.002,0,0,0,0,0,0,0,0,0,0,0,0,0.018,0,0.026,0,0.004,0,0,0,0,0,0,0,0,0,0,0,0,0,0,0,0,0
0.09,0.156,0.064,0.106,0.152,0.092,0.058,0.104,1,0.116,0.166,0.07,0.492,0.032,0.08,0.04,0.01,0.09,0.012,0.024,0.038,0.134,0.188,0.222,0.032,0.022,0.122,0.004,0.186,0.032,0.02,0.002,0.008,0,0.006,0.016,0,0,0.024,0.022,0.054,0.004,0.04,0.006,0.006,0.018,0.018,0.04,0.01,0.034,0.012,0.02,0.008,0.04,0.01,0.044,0,0,0,0,0.032,0.022,0,0,0.002,0.004,0.008,0.004,0,0,0,0,0.002,0.006,0.012,0.002,0,0,0,0.002,0,0,0.004,0.01,0.002,0,0,0,0.002,0,0,0.024,0.024,0,0.002,0,0,0,0,0,0.014,0.006,0.002,0.012,0,0,0.012,0.012,0.008,0.018,0.002,0.008,0,0.038,0.004,0.002,0.036,0.006,0,0.008,0.006,0.004,0.014,0,0.002,0,0.004,0,0.01,0,0,0.002,0.012,0.004,0,0.006,0.018,0.002,0.006,0.022,0.002,0.03,0.01,0.004,0.016,0.012,0.008,0.01,0.016,0.002,0.01,0,0,0.002,0,0,0,0.002,0,0,0.002,0,0,0,0.002,0,0.002,0,0,0,0,0,0,0,0.004,0,0,0.004,0,0,0.002,0,0,0,0,0,0,0,0,0,0,0,0,0.002,0,0.006,0.002,0,0,0,0,0,0,0,0,0,0,0,0,0,0,0,0
0.166,0.072,0.162,0.198,0.054,0.1,0.154,0.214,0.116,1,0.16,0.216,0.152,0.058,0.106,0.032,0.116,0.032,0.044,0.2,0.07,0.112,0.066,0.164,0.006,0.038,0.058,0.024,0.078,0.022,0.018,0.014,0.016,0.014,0.02,0.01,0.004,0.006,0.01,0,0.006,0.032,0,0.002,0.002,0.03,0.014,0.016,0.05,0.042,0.02,0.03,0.004,0.03,0.008,0.004,0.022,0.02,0,0.002,0.004,0,0.018,0.008,0.002,0.01,0.008,0,0,0.002,0.024,0,0,0,0.002,0,0.004,0,0.01,0.006,0.002,0.004,0.004,0.002,0.034,0.022,0.002,0.018,0,0.008,0.004,0.002,0.004,0,0.01,0.004,0,0,0,0.002,0.004,0.004,0.004,0.006,0.006,0.006,0.012,0.022,0.014,0.006,0.006,0.016,0,0.012,0,0,0.002,0.002,0.014,0,0,0,0.002,0.002,0.012,0,0,0.002,0.002,0.008,0,0.004,0.006,0.002,0.058,0.012,0.028,0.008,0,0.008,0.024,0.008,0.012,0.016,0.004,0.008,0.006,0.002,0.006,0.006,0.002,0,0.012,0.002,0.004,0,0,0,0.002,0,0,0.006,0,0,0.006,0,0,0,0,0.004,0.002,0,0,0,0.004,0,0,0,0,0,0,0,0,0,0,0,0,0,0,0,0,0,0,0,0,0,0,0,0,0,0,0,0,0,0,0,0,0,0,0,0,0,0
0.056,0.038,0.04,0.024,0.102,0.21,0.046,0.074,0.166,0.16,1,0.412,0.226,0.164,0.02,0.014,0.1,0.038,0.056,0.122,0.156,0.02,0.044,0.24,0.014,0.184,0.104,0.018,0.09,0.012,0.062,0.002,0.002,0.02,0.034,0,0.004,0.026,0.044,0,0.006,0.018,0,0,0.018,0.038,0.006,0.004,0.006,0.012,0.046,0.052,0,0.038,0.036,0,0.002,0.04,0.006,0.024,0,0,0.01,0,0,0.01,0,0.052,0.038,0.016,0.002,0.024,0.01,0.006,0.006,0.048,0.002,0.02,0.01,0.014,0.03,0.012,0.01,0.01,0.002,0.002,0,0,0,0,0,0.004,0.002,0,0,0,0,0,0,0,0.004,0.012,0.002,0.002,0.002,0,0.016,0,0.002,0.014,0.002,0.03,0.004,0,0.014,0.006,0.016,0.004,0,0,0,0,0,0.006,0.004,0.002,0,0.002,0.002,0.002,0,0.004,0.004,0,0.002,0.004,0.014,0.002,0.008,0.006,0.006,0.008,0.018,0.02,0.006,0.004,0.006,0.004,0.008,0,0,0,0.004,0,0,0,0.004,0,0,0,0.01,0,0,0,0.002,0,0,0,0.012,0,0.008,0,0.016,0,0,0,0,0,0,0,0,0,0,0,0,0,0,0,0,0,0,0,0,0,0,0,0,0,0,0,0,0,0,0,0,0,0,0,0,0,0,0,0
0.096,0.01,0.072,0.034,0.016,0.158,0.012,0.07,0.07,0.216,0.412,1,0.092,0.088,0.018,0.014,0.134,0.104,0.032,0.08,0.096,0.004,0.022,0.27,0.004,0.096,0.05,0.022,0.072,0.01,0.032,0.008,0.022,0.036,0.05,0.004,0.014,0.044,0.072,0,0.002,0.036,0.002,0.004,0.016,0.056,0.004,0.012,0.018,0.02,0.052,0.072,0.004,0.05,0.03,0,0.002,0.098,0.018,0.014,0.002,0.004,0.018,0.006,0,0.036,0,0.006,0.008,0.008,0.002,0.028,0.01,0.01,0,0.018,0,0.01,0.004,0.052,0.002,0.018,0,0.02,0.006,0.008,0.004,0.002,0,0.004,0,0.01,0.006,0,0.002,0,0,0,0,0,0,0.002,0,0,0,0,0.006,0.002,0.002,0.008,0.004,0.02,0.014,0,0.026,0.008,0.008,0.012,0.01,0.004,0.002,0,0,0.002,0.004,0.002,0,0,0.002,0.006,0,0.002,0.004,0,0.02,0.018,0.044,0.004,0.01,0.004,0.014,0.008,0.008,0.044,0,0.002,0.012,0.012,0.012,0.004,0,0,0.002,0,0,0,0,0,0.004,0,0.006,0.004,0,0,0,0.002,0,0,0.006,0.004,0.004,0.002,0.022,0,0,0,0,0,0,0,0,0,0,0,0,0,0,0,0,0,0,0,0,0,0,0,0,0,0,0,0,0,0,0,0,0,0,0,0,0,0,0,0
0.118,0.268,0.136,0.044,0.248,0.112,0.126,0.18,0.492,0.152,0.226,0.092,1,0.072,0.09,0.052,0.018,0.114,0.032,0.082,0.04,0.05,0.086,0.086,0.044,0.038,0.06,0.022,0.316,0.032,0.03,0.004,0,0.004,0.002,0.014,0,0.004,0.018,0.014,0.028,0.002,0.034,0.002,0.002,0.004,0.024,0.032,0.008,0.014,0.008,0.018,0.006,0.08,0.026,0.026,0,0,0.006,0.008,0.036,0.012,0,0,0.004,0.004,0.008,0.01,0.002,0.002,0,0.002,0,0.008,0.018,0.014,0,0.006,0.006,0.002,0.01,0.012,0.024,0.028,0.006,0,0,0,0,0,0,0.008,0.012,0,0,0,0,0,0,0,0.012,0.006,0,0,0,0,0.018,0.008,0,0.01,0,0.012,0.002,0.032,0,0.004,0.014,0.006,0,0.006,0.006,0,0.008,0,0.006,0,0,0,0.002,0,0,0.002,0.008,0,0,0.002,0.022,0,0.002,0.02,0.002,0.01,0.002,0.008,0.006,0.004,0.002,0.01,0.008,0,0,0,0,0.002,0,0,0,0.002,0,0,0,0,0,0,0.012,0,0,0,0,0,0,0,0,0,0.002,0,0,0,0,0,0,0,0,0,0,0,0,0,0,0,0,0,0,0.006,0,0.004,0,0,0,0,0,0,0,0,0,0,0,0,0,0,0,0,0
0.042,0.086,0.084,0.018,0.076,0.058,0.322,0.052,0.032,0.058,0.164,0.088,0.072,1,0.096,0.184,0.334,0.008,0.372,0.076,0.192,0.164,0.092,0.044,0.098,0.066,0.098,0.008,0.056,0.004,0.006,0.012,0.032,0.012,0.084,0,0.044,0.034,0.018,0.004,0.004,0.006,0.01,0.002,0.018,0.102,0.022,0,0.006,0.016,0.028,0.03,0.002,0,0.012,0.008,0.004,0.032,0,0.062,0,0,0.008,0.002,0.002,0.002,0,0,0.012,0.002,0.002,0.002,0,0,0,0.006,0,0.002,0,0,0,0.002,0.01,0.008,0,0,0,0,0.002,0,0,0,0,0,0.002,0,0,0,0,0,0.032,0.016,0.008,0,0,0.002,0.002,0,0,0.004,0,0.074,0.002,0.02,0.004,0,0.002,0.002,0.002,0,0,0.004,0.006,0.004,0.062,0.008,0,0,0.02,0.018,0.008,0.014,0.006,0.018,0.008,0,0,0.002,0,0.006,0,0.004,0,0,0,0,0,0,0,0.002,0,0.002,0.008,0,0,0,0.004,0,0.002,0,0.006,0.004,0.002,0,0,0,0,0,0.004,0.002,0.002,0,0.01,0,0.002,0,0,0,0,0,0,0,0,0,0,0,0,0,0,0,0,0,0,0,0,0,0,0,0,0,0,0,0,0,0,0,0,0,0,0,0,0,0
0.124,0.192,0.188,0.202,0.228,0.066,0.1,0.25,0.08,0.106,0.02,0.018,0.09,0.096,1,0.434,0.134,0.152,0.074,0.116,0.05,0.022,0.016,0.016,0.182,0.02,0.02,0.088,0.064,0.046,0.002,0.018,0.074,0.01,0.018,0.03,0.012,0.008,0.014,0.01,0.018,0.02,0.022,0.006,0.002,0.034,0.022,0.006,0.026,0.018,0.004,0.004,0.02,0.024,0,0.01,0.008,0.014,0,0.012,0.002,0,0.008,0.014,0.018,0,0.006,0,0,0,0.002,0,0.002,0.002,0,0,0.002,0,0,0.002,0.002,0.002,0.002,0.002,0.008,0,0,0,0,0,0,0,0,0,0,0,0,0,0,0,0.06,0.042,0.014,0.002,0.002,0.01,0.016,0.026,0.006,0,0.002,0,0,0.04,0,0,0,0,0.002,0.002,0.004,0.004,0.044,0,0.028,0.008,0.002,0.004,0.002,0.002,0,0.014,0,0,0.032,0.002,0.012,0.052,0.002,0,0.006,0,0,0,0,0,0.002,0.002,0.004,0.004,0.002,0,0.004,0,0,0,0,0,0,0,0,0,0.006,0,0.02,0,0,0.002,0,0,0,0,0,0,0,0,0,0,0,0,0,0,0,0,0,0,0,0,0,0,0,0.006,0,0.006,0,0,0,0,0,0,0,0,0,0,0,0,0,0,0,0,0,0,0
0.132,0.128,0.232,0.056,0.198,0.088,0.128,0.272,0.04,0.032,0.014,0.014,0.052,0.184,0.434,1,0.134,0.092,0.094,0.138,0.06,0.068,0.052,0.008,0.3,0.014,0.012,0.066,0.102,0.046,0.002,0.012,0.032,0.002,0.036,0.02,0.01,0.006,0.004,0.008,0.018,0.004,0.02,0.002,0.004,0.072,0.028,0.002,0.014,0.02,0.004,0.01,0.008,0.034,0,0.004,0.006,0.008,0,0.008,0,0,0.004,0.03,0.012,0,0,0,0,0,0,0,0,0,0,0,0,0,0,0,0,0.002,0.002,0.002,0,0.002,0,0,0,0.002,0,0,0,0,0,0,0,0,0,0,0.104,0.044,0.028,0.008,0.004,0.016,0.012,0.012,0.008,0.002,0.002,0,0,0.06,0,0,0,0,0.006,0.002,0.004,0.004,0.036,0.002,0.024,0.012,0,0.01,0.008,0,0.002,0.02,0.002,0.006,0.014,0,0.008,0.038,0,0,0,0.002,0,0,0.002,0,0,0,0.004,0.004,0.01,0.008,0.008,0.004,0.002,0.002,0.002,0.002,0.002,0.002,0.006,0.002,0.016,0,0.028,0.002,0,0.004,0,0.002,0,0,0.002,0.002,0.004,0,0.002,0.006,0.002,0,0,0.002,0,0.002,0,0.002,0,0,0,0.002,0.002,0.008,0.002,0.012,0,0.004,0.004,0,0,0,0.002,0,0,0,0,0.002,0,0,0,0,0,0,0
0.126,0.036,0.072,0.072,0.046,0.058,0.072,0.042,0.01,0.116,0.1,0.134,0.018,0.334,0.134,0.134,1,0.106,0.142,0.114,0.154,0.04,0.02,0.09,0.032,0.05,0.038,0.012,0.018,0.006,0.002,0.072,0.052,0.088,0.09,0.024,0.1,0.11,0.114,0,0,0.022,0,0.008,0.004,0.08,0.004,0,0.004,0.016,0.006,0.084,0.008,0.004,0.004,0.002,0.012,0.054,0.01,0.026,0,0,0.048,0.008,0.004,0.01,0.004,0,0,0.002,0.018,0.022,0.002,0,0,0,0.006,0.002,0.002,0.002,0,0,0,0,0,0.004,0,0.002,0,0.01,0,0,0,0,0,0,0,0,0,0,0.022,0.02,0.002,0,0.01,0.028,0.01,0.004,0.028,0,0.024,0.028,0.026,0.004,0.034,0.006,0,0.01,0.014,0,0,0.002,0.006,0.002,0.016,0.008,0,0,0.004,0.002,0.002,0.004,0,0.006,0.026,0.002,0.004,0.046,0.01,0,0,0,0,0.018,0,0,0.004,0.016,0,0.002,0,0,0.012,0,0.002,0,0,0,0.004,0,0.002,0.002,0,0,0.002,0,0,0,0,0.004,0,0,0.012,0,0,0,0,0,0,0,0,0,0,0,0,0,0,0,0,0,0,0,0,0,0,0,0,0,0,0,0,0,0,0,0,0,0,0,0,0,0,0,0
0.232,0.144,0.06,0.08,0.094,0.242,0.036,0.09,0.09,0.032,0.038,0.104,0.114,0.008,0.152,0.092,0.106,1,0.016,0.052,0.062,0.016,0.064,0.094,0.058,0.018,0.018,0.036,0.102,0.008,0.008,0.03,0.022,0.03,0.03,0.154,0.028,0.01,0.136,0,0.006,0.006,0.006,0.048,0,0.006,0.012,0.026,0.006,0.024,0.006,0.054,0.036,0.072,0.008,0.004,0.018,0.006,0.008,0,0.004,0.034,0.012,0.022,0.012,0.012,0.044,0.002,0,0,0.01,0.004,0.002,0.032,0.004,0,0.002,0,0.002,0.012,0.004,0.01,0.002,0.01,0.004,0.002,0,0,0,0.004,0,0.008,0.006,0,0.006,0,0,0,0,0,0.004,0.002,0.002,0.002,0.004,0.012,0.004,0.006,0.012,0,0.002,0.002,0.004,0.004,0.012,0.008,0.008,0.004,0.012,0.012,0.006,0,0.004,0.002,0.006,0,0,0,0,0.008,0.002,0,0.004,0,0.024,0.022,0.048,0.074,0.032,0.002,0.002,0.004,0.002,0.098,0.004,0.002,0.02,0.098,0.018,0.002,0,0.002,0,0.004,0,0,0,0,0.002,0,0,0.002,0.004,0,0.006,0,0,0,0,0.002,0,0,0,0,0.006,0.002,0,0,0,0.004,0.002,0,0,0,0,0.002,0.002,0,0,0,0.002,0.004,0.002,0.012,0,0.004,0.002,0,0,0,0,0,0,0,0,0.002,0,0,0,0,0,0,0
0.022,0.112,0.08,0.056,0.1,0.08,0.428,0.052,0.012,0.044,0.056,0.032,0.032,0.372,0.074,0.094,0.142,0.016,1,0.086,0.082,0.232,0.22,0.03,0.12,0.072,0.164,0.006,0.122,0,0.006,0.01,0.052,0.004,0.068,0.004,0.018,0.004,0.018,0.004,0.002,0.012,0.002,0.002,0.02,0.06,0.008,0,0.004,0.03,0.012,0.026,0,0.004,0.024,0.006,0,0.008,0,0.044,0,0,0.012,0,0,0.002,0,0.002,0.004,0.002,0,0,0,0,0.002,0,0,0.024,0,0.002,0.002,0.004,0.012,0.012,0,0.008,0.004,0,0,0,0,0,0,0,0,0,0,0,0,0,0.008,0,0.01,0.01,0.016,0.002,0,0,0.002,0.014,0.01,0.024,0,0.008,0,0,0.006,0,0.002,0,0,0.008,0.002,0.004,0.056,0,0.008,0.004,0.012,0.038,0.042,0.016,0.018,0.018,0.01,0,0.002,0,0,0.01,0.006,0.002,0.004,0,0.01,0.002,0,0,0.002,0.006,0.002,0,0.02,0,0.006,0.002,0.002,0,0.002,0,0.006,0.006,0,0.002,0.002,0.002,0,0,0.014,0.002,0.006,0.01,0.018,0,0.002,0,0,0,0.002,0,0,0,0,0,0,0,0,0,0,0,0,0,0,0.002,0,0,0,0,0,0,0,0,0,0,0,0,0,0,0,0,0,0,0
0.12,0.242,0.084,0.246,0.268,0.226,0.134,0.154,0.024,0.2,0.122,0.08,0.082,0.076,0.116,0.138,0.114,0.052,0.086,1,0.208,0.108,0.056,0.02,0.066,0.138,0.024,0.03,0.01,0.026,0.012,0.036,0.022,0.004,0.058,0.008,0,0.014,0.014,0,0,0.004,0,0,0,0.008,0.002,0.006,0.032,0.042,0.006,0.002,0.002,0.028,0.004,0,0.002,0.008,0,0.002,0.002,0,0.002,0.002,0.004,0,0,0.01,0.02,0.02,0.01,0,0.004,0.002,0.002,0.008,0.01,0.004,0.018,0.002,0.016,0.002,0.006,0,0.014,0.014,0.008,0.008,0,0.008,0.004,0.002,0.002,0,0.002,0.006,0.002,0.002,0,0.002,0.01,0.024,0.012,0.012,0.006,0.002,0.022,0.002,0.002,0.002,0.002,0,0,0,0,0,0.002,0,0.016,0.002,0,0.002,0.004,0.004,0.004,0,0.006,0.004,0.004,0.006,0,0.002,0.004,0.004,0.042,0.006,0.004,0.006,0,0,0.006,0,0.002,0.008,0.002,0.002,0.002,0.004,0.002,0.006,0.002,0.006,0.018,0.002,0.008,0.004,0.03,0,0.03,0,0,0.014,0.006,0,0.002,0,0,0.002,0.02,0.028,0.004,0.002,0.006,0,0.004,0.002,0,0.004,0.008,0.002,0,0,0,0,0,0.002,0,0,0,0,0,0.002,0,0.002,0,0,0,0,0,0,0,0,0,0,0,0,0,0,0,0,0,0,0
0.042,0.162,0.028,0.102,0.112,0.2,0.068,0.052,0.038,0.07,0.156,0.096,0.04,0.192,0.05,0.06,0.154,0.062,0.082,0.208,1,0.06,0.026,0.034,0.03,0.228,0.096,0.012,0.012,0.02,0.076,0.022,0.042,0.05,0.224,0.006,0.036,0.028,0.074,0.002,0.006,0.012,0.008,0.002,0.034,0.034,0.008,0.006,0.02,0.074,0.108,0.028,0,0.014,0.004,0.002,0.002,0.064,0,0.022,0,0,0.012,0,0,0.008,0,0.002,0.028,0.018,0.008,0.002,0,0,0.006,0.01,0.002,0.004,0.004,0,0.002,0,0.004,0.002,0.004,0.006,0.006,0.002,0.008,0,0.008,0,0.002,0,0.008,0,0,0,0,0,0.008,0.002,0.004,0.02,0.002,0,0.002,0.004,0.002,0.006,0.002,0.102,0.002,0,0.004,0.002,0.002,0.002,0.004,0,0,0.002,0.006,0.04,0.004,0.024,0.004,0.008,0.004,0.016,0.01,0.026,0.004,0.008,0.018,0,0.002,0.006,0.002,0.008,0.024,0.004,0.028,0.004,0,0.01,0.002,0,0.006,0.016,0,0.002,0.004,0,0.006,0.01,0.004,0,0.004,0,0.016,0.006,0,0.006,0,0.006,0,0,0.012,0.004,0.01,0.018,0.028,0,0.006,0.004,0,0,0.008,0,0,0,0,0,0,0.002,0,0,0.002,0,0,0,0,0,0,0,0,0,0,0,0.002,0,0,0,0,0,0,0.002,0,0.002,0,0,0
0.004,0.096,0.058,0.238,0.082,0.088,0.32,0.048,0.134,0.112,0.02,0.004,0.05,0.164,0.022,0.068,0.04,0.016,0.232,0.108,0.06,1,0.572,0.084,0.046,0.006,0.266,0,0.062,0.01,0.024,0.026,0.026,0.002,0.048,0.026,0.002,0,0.008,0.002,0.016,0.002,0.014,0,0.01,0.046,0.002,0.002,0.016,0.16,0.018,0.03,0.002,0,0.006,0.014,0.004,0,0,0.002,0.006,0,0.004,0.004,0,0,0,0,0.002,0.002,0.006,0,0,0.002,0.004,0,0,0.004,0,0,0,0.002,0.008,0.004,0,0.004,0.002,0.008,0.008,0.002,0.01,0.008,0.006,0,0.016,0.012,0.002,0,0,0.008,0,0.002,0.02,0.042,0.012,0.004,0,0.002,0.004,0.036,0.004,0.01,0,0.024,0,0,0.028,0,0,0,0,0.016,0.006,0.002,0.002,0,0.02,0.002,0.046,0.042,0.022,0.002,0.034,0.016,0.01,0.002,0,0.002,0.002,0.032,0.016,0.028,0.008,0,0.028,0.004,0.002,0.002,0.004,0.012,0.022,0,0.006,0,0,0,0,0,0,0,0.012,0,0.002,0,0.002,0,0,0.002,0,0,0.008,0,0,0,0,0,0,0.004,0.012,0,0,0,0,0,0,0.004,0,0,0,0,0,0,0,0,0,0,0,0,0,0,0,0,0,0,0,0,0,0,0,0.002,0,0,0
0,0.032,0.022,0.156,0.04,0.156,0.182,0.024,0.188,0.066,0.044,0.022,0.086,0.092,0.016,0.052,0.02,0.064,0.22,0.056,0.026,0.572,1,0.124,0.042,0.004,0.35,0,0.186,0.008,0.022,0.01,0.02,0,0.03,0.024,0,0,0.036,0.008,0.01,0.002,0.008,0,0.024,0.038,0,0.016,0.01,0.072,0.01,0.04,0,0.004,0.01,0.004,0.004,0,0.002,0.012,0,0.002,0,0.002,0,0.002,0,0.002,0,0.002,0,0.002,0,0.004,0.01,0.004,0,0.03,0.002,0,0.01,0.014,0.012,0.008,0.002,0,0,0.002,0.004,0,0,0.034,0.032,0,0.008,0,0.002,0,0,0,0,0.002,0.016,0.018,0.002,0.002,0,0.002,0,0.074,0.002,0.01,0.002,0.016,0.006,0.006,0.046,0.004,0,0.006,0.002,0.006,0,0,0,0,0.006,0,0.016,0.022,0.014,0.004,0.01,0.006,0.004,0.02,0.004,0,0.008,0.046,0,0.05,0.018,0.002,0.078,0.02,0.01,0.008,0.008,0.002,0.008,0,0.004,0,0,0,0,0,0,0,0.004,0,0,0,0,0,0,0,0,0,0.006,0,0,0,0,0,0,0.004,0.01,0,0,0,0,0,0,0.004,0,0,0,0,0,0,0,0,0,0,0,0,0,0,0,0,0,0,0,0,0,0,0,0,0,0,0
0.116,0.004,0.04,0.104,0.004,0.032,0.034,0.05,0.222,0.164,0.24,0.27,0.086,0.044,0.016,0.008,0.09,0.094,0.03,0.02,0.034,0.084,0.124,1,0,0.034,0.226,0,0.038,0.012,0.066,0.042,0.036,0.042,0.054,0.032,0.032,0.022,0.13,0,0.002,0.042,0,0.004,0.01,0.114,0,0.008,0.014,0.026,0.022,0.166,0.006,0.01,0.004,0.002,0.026,0.04,0.02,0.002,0.002,0.018,0.022,0.008,0,0.062,0.002,0.002,0,0,0.01,0.016,0.018,0.002,0.004,0.006,0,0,0,0.012,0,0,0,0,0,0,0,0.004,0,0.012,0,0.01,0.01,0,0.002,0,0,0,0,0,0,0.002,0.004,0.004,0.002,0.006,0.002,0,0.02,0.024,0.032,0.004,0.022,0.002,0.06,0.03,0.016,0.05,0.01,0.006,0.004,0,0,0.008,0,0.006,0,0,0,0,0.002,0.002,0.008,0.002,0.006,0.02,0.008,0.01,0.038,0.006,0.034,0.012,0.018,0.034,0.002,0,0.054,0.014,0.01,0.008,0.004,0,0.002,0,0,0,0,0,0,0,0.026,0,0,0.006,0.002,0.004,0,0,0,0,0.012,0,0.004,0,0,0,0,0,0,0,0,0,0,0,0,0,0,0,0,0,0,0,0,0,0,0,0,0,0,0,0,0,0,0,0,0,0,0,0,0,0,0,0
0.052,0.176,0.058,0.028,0.164,0.072,0.122,0.076,0.032,0.006,0.014,0.004,0.044,0.098,0.182,0.3,0.032,0.058,0.12,0.066,0.03,0.046,0.042,0,1,0.07,0.034,0.086,0.17,0.034,0.006,0.012,0.052,0,0.028,0.01,0.026,0.006,0.004,0.06,0.08,0.002,0.078,0.004,0.018,0.028,0.094,0.002,0.028,0.03,0,0.004,0.014,0.028,0.008,0.044,0.006,0.02,0,0.024,0.016,0,0.01,0.03,0.008,0,0.002,0.002,0.002,0.002,0.004,0,0,0.002,0,0.002,0.006,0.008,0.002,0.002,0,0,0.002,0.008,0.002,0.004,0.002,0.006,0.002,0.004,0.004,0,0,0,0.002,0.002,0,0,0,0,0.078,0.072,0.018,0.01,0.002,0.004,0.032,0.02,0.006,0.008,0.004,0.008,0,0.116,0,0,0.008,0.004,0.006,0.006,0,0.022,0.032,0,0.046,0.002,0.012,0.006,0.03,0.01,0.008,0.018,0.004,0.018,0.004,0.002,0.012,0.026,0,0.004,0,0.008,0.002,0.002,0.012,0.002,0,0,0.004,0.002,0.004,0.01,0.012,0.004,0.002,0,0.012,0,0.01,0,0.004,0.006,0.026,0,0.018,0,0,0.008,0.01,0.008,0.002,0,0.002,0,0.008,0,0,0,0.004,0,0,0,0,0,0,0,0,0,0,0,0,0.008,0,0.016,0,0,0,0,0,0,0,0,0,0,0,0,0,0,0,0,0,0,0
0.03,0.036,0.036,0.014,0.09,0.124,0.016,0.036,0.022,0.038,0.184,0.096,0.038,0.066,0.02,0.014,0.05,0.018,0.072,0.138,0.228,0.006,0.004,0.034,0.07,1,0.046,0.086,0.03,0.044,0.254,0.046,0.038,0.064,0.058,0,0.026,0.096,0.034,0.006,0.018,0.034,0.022,0.014,0.06,0.034,0.028,0.014,0.068,0.028,0.106,0.008,0.016,0.048,0.042,0.016,0.012,0.052,0.004,0.032,0,0,0.028,0,0,0.008,0,0.012,0.094,0.072,0.004,0.012,0,0,0.002,0.064,0.004,0.018,0.024,0.008,0.016,0.02,0.006,0.004,0.016,0.012,0.006,0.008,0.004,0.002,0.006,0.002,0.004,0,0.008,0,0,0,0,0,0.006,0.008,0,0.01,0.01,0.002,0.016,0.01,0.006,0.004,0.01,0.05,0,0.006,0.004,0.008,0.004,0.006,0.01,0,0,0,0.008,0.046,0.018,0.022,0.002,0.004,0.014,0.022,0.026,0.022,0.006,0.006,0.022,0.006,0.018,0.004,0.002,0.01,0.062,0.006,0.054,0.01,0,0.022,0.002,0.002,0.006,0.018,0,0.004,0.01,0.004,0.002,0,0.006,0,0.012,0,0.012,0.004,0.016,0.002,0.002,0.008,0,0,0.026,0.01,0.004,0.012,0.036,0,0.004,0,0,0,0,0,0,0,0,0,0,0.002,0,0.002,0,0,0,0,0.002,0.006,0.002,0,0,0,0,0,0,0,0,0,0,0.002,0,0,0.002,0,0,0,0
0.008,0.03,0.016,0.102,0.016,0.06,0.092,0.026,0.122,0.058,0.104,0.05,0.06,0.098,0.02,0.012,0.038,0.018,0.164,0.024,0.096,0.266,0.35,0.226,0.034,0.046,1,0,0.142,0.012,0.134,0.01,0.042,0.014,0.128,0.036,0.018,0,0.056,0.01,0.018,0.018,0.01,0,0.05,0.074,0,0.01,0.014,0.118,0.044,0.108,0.002,0.004,0.012,0.006,0.004,0.016,0.004,0.008,0.006,0.006,0.002,0.002,0,0.012,0.002,0.002,0.002,0,0.002,0.002,0,0,0.002,0.006,0,0.012,0,0,0.002,0.004,0.012,0.002,0.002,0.002,0,0,0.002,0,0,0.006,0.01,0,0.008,0,0,0,0,0,0,0,0.012,0.026,0.014,0.002,0,0.002,0.004,0.048,0.024,0.022,0.002,0.004,0.016,0.018,0.026,0.028,0,0.004,0.002,0.002,0,0.03,0,0.018,0.002,0,0.014,0.016,0.024,0.002,0.012,0.008,0.006,0.006,0.002,0,0,0.026,0.03,0.028,0.034,0,0.024,0.004,0,0.002,0.004,0.006,0.008,0,0.002,0,0,0,0,0,0,0,0.046,0,0,0.006,0.002,0.004,0,0.002,0,0,0.022,0,0.006,0,0,0,0,0,0.002,0,0,0,0,0,0,0,0,0,0,0,0,0,0,0,0,0,0,0,0,0,0,0,0,0,0,0,0,0,0,0,0,0,0
0.042,0.034,0.052,0.018,0.03,0.016,0.004,0.066,0.004,0.024,0.018,0.022,0.022,0.008,0.088,0.066,0.012,0.036,0.006,0.03,0.012,0,0,0,0.086,0.086,0,1,0.034,0.134,0.026,0.124,0.034,0.024,0.02,0.02,0.026,0.11,0.016,0.078,0.21,0.076,0.096,0.222,0.058,0.014,0.24,0.046,0.086,0,0.004,0.004,0.194,0.172,0.016,0.048,0.036,0.024,0.012,0.02,0.02,0.01,0.048,0.032,0.03,0.008,0.01,0.036,0.024,0.008,0.006,0.016,0.032,0.036,0.004,0.002,0.042,0.004,0.008,0.006,0.016,0.002,0.002,0.002,0.002,0,0,0,0,0.002,0,0,0,0,0,0,0,0,0,0,0.014,0.06,0.01,0,0.004,0.002,0.024,0.02,0.008,0.002,0,0,0,0.018,0,0,0.002,0.002,0.01,0.002,0.002,0,0.004,0,0.008,0.002,0,0.008,0.006,0.002,0.002,0.01,0,0,0.014,0.006,0.016,0.012,0,0,0.008,0.002,0.002,0.008,0.008,0.004,0,0.004,0.002,0,0,0.006,0,0.006,0,0,0.006,0,0,0,0,0,0.022,0,0.004,0,0,0.002,0.008,0,0,0,0,0,0.002,0,0,0,0,0,0,0,0,0,0,0,0,0,0,0,0,0.004,0,0.012,0,0,0,0,0,0,0,0,0,0,0,0,0,0,0,0,0,0,0
0.072,0.094,0.106,0.012,0.082,0.118,0.082,0.166,0.186,0.078,0.09,0.072,0.316,0.056,0.064,0.102,0.018,0.102,0.122,0.01,0.012,0.062,0.186,0.038,0.17,0.03,0.142,0.034,1,0.006,0.02,0.002,0.004,0.008,0.008,0.03,0.002,0,0.008,0.048,0.064,0,0.034,0.004,0.006,0.018,0.07,0.018,0.006,0.022,0.026,0.044,0.004,0.09,0.018,0.012,0.002,0.002,0.002,0.012,0.032,0.01,0,0.012,0,0,0.006,0.002,0,0.002,0.002,0,0,0.012,0.008,0.008,0,0.028,0.004,0.006,0.006,0.028,0.026,0.032,0.004,0,0,0,0.002,0,0,0.006,0.01,0,0.002,0,0,0,0,0,0.014,0.006,0,0,0,0,0.018,0.018,0.002,0.016,0.002,0.018,0.004,0.072,0,0.006,0.008,0.002,0.002,0.008,0,0,0.002,0,0.004,0,0.002,0,0.008,0.002,0,0.002,0.002,0.002,0.004,0.01,0.02,0,0.004,0.022,0.002,0.01,0,0.01,0.022,0.012,0.006,0.006,0.01,0,0,0,0.004,0,0,0,0,0,0,0,0,0.004,0.016,0,0.018,0,0,0.002,0,0,0,0,0.002,0,0.008,0,0,0.002,0,0,0.002,0,0,0,0,0,0,0,0,0,0,0.002,0,0.008,0,0.002,0.002,0,0,0,0,0,0,0,0,0,0,0,0,0,0,0,0
0.01,0.016,0.018,0.022,0.012,0.008,0.002,0.012,0.032,0.022,0.012,0.01,0.032,0.004,0.046,0.046,0.006,0.008,0,0.026,0.02,0.01,0.008,0.012,0.034,0.044,0.012,0.134,0.006,1,0.092,0.032,0.076,0.018,0.018,0.018,0.04,0.024,0,0.158,0.098,0.054,0.324,0.086,0.066,0.048,0.11,0.056,0.254,0.088,0.044,0.014,0.194,0.02,0.006,0.118,0.118,0.054,0.01,0.014,0.04,0.022,0.006,0.09,0.06,0,0.028,0.004,0.004,0.002,0.002,0,0,0.002,0.004,0,0.006,0,0.002,0,0,0,0,0.002,0.008,0.002,0,0,0.004,0,0.002,0.004,0.006,0,0.01,0,0,0,0,0,0.042,0.038,0.044,0.014,0.016,0.024,0.026,0.006,0.004,0,0,0.002,0,0.028,0,0,0,0,0,0.004,0.01,0.006,0.068,0.01,0.004,0.028,0.016,0.048,0.008,0,0.002,0.04,0.006,0.01,0.01,0.002,0.012,0.032,0,0.008,0.006,0.006,0.006,0.002,0.006,0.018,0,0.008,0.014,0.008,0.002,0.002,0,0.006,0,0,0,0.03,0,0.006,0,0,0,0,0,0,0,0.004,0,0,0,0,0,0,0.002,0,0,0,0,0,0.004,0,0,0,0,0,0,0,0,0,0,0.002,0.002,0.002,0,0.004,0.004,0,0,0,0,0,0,0,0,0,0,0,0,0,0,0,0
0.002,0.008,0,0.018,0.002,0.032,0,0,0.02,0.018,0.062,0.032,0.03,0.006,0.002,0.002,0.002,0.008,0.006,0.012,0.076,0.024,0.022,0.066,0.006,0.254,0.134,0.026,0.02,0.092,1,0.066,0.104,0.192,0.082,0.05,0.066,0.032,0.068,0.022,0.052,0.106,0.082,0.012,0.172,0.08,0.018,0.038,0.162,0.142,0.294,0.108,0.04,0.066,0.032,0.074,0.024,0.142,0.052,0.014,0.03,0.022,0.01,0.002,0.006,0.02,0.02,0.01,0.028,0.016,0,0.004,0,0,0.01,0.03,0.002,0.006,0.014,0,0.016,0.006,0.014,0.002,0.012,0.002,0,0,0.002,0,0,0.004,0.01,0,0.008,0,0,0,0,0,0,0,0.006,0.016,0.026,0.004,0,0,0.002,0.018,0.008,0.02,0.024,0.002,0.006,0.046,0.008,0.012,0,0.004,0,0,0.008,0.068,0,0.034,0,0.004,0.008,0.004,0.006,0.004,0.01,0,0.002,0.008,0.002,0,0.002,0.01,0.06,0.01,0.072,0.002,0.004,0.026,0.002,0,0.006,0.004,0,0,0,0.002,0,0,0,0.016,0,0,0.016,0,0.002,0.012,0,0.006,0.006,0,0,0,0.008,0.002,0.004,0,0,0,0,0,0,0,0,0,0,0,0,0,0,0,0,0,0,0,0,0,0,0,0,0,0,0,0,0,0,0,0,0,0,0,0,0,0,0,0
0.016,0.006,0,0.052,0.006,0.01,0.006,0.002,0.002,0.014,0.002,0.008,0.004,0.012,0.018,0.012,0.072,0.03,0.01,0.036,0.022,0.026,0.01,0.042,0.012,0.046,0.01,0.124,0.002,0.032,0.066,1,0.126,0.092,0.066,0.08,0.146,0.218,0.072,0.036,0.092,0.086,0.026,0.184,0.116,0.048,0.038,0.064,0.086,0.028,0.02,0.014,0.112,0.034,0.036,0.048,0.11,0.056,0.056,0.028,0.018,0.024,0.096,0.014,0.024,0.04,0.016,0.01,0.002,0.006,0.036,0.004,0.024,0,0.006,0.002,0.008,0.002,0.004,0.006,0,0,0,0,0.002,0.004,0.004,0.004,0,0.01,0,0,0,0,0.002,0.002,0.002,0,0,0.002,0.004,0.006,0.016,0.018,0.028,0.07,0.004,0.002,0.052,0.002,0.064,0.004,0.008,0.002,0.024,0.012,0.006,0.032,0.006,0,0.002,0.018,0.004,0.006,0.004,0.024,0.006,0.012,0.032,0,0,0.006,0.008,0.034,0.018,0.026,0.002,0.034,0.022,0,0.006,0,0,0.012,0.002,0.004,0.014,0.004,0.002,0.002,0,0,0.002,0,0,0,0,0,0,0,0.006,0.004,0,0.006,0,0.012,0.004,0,0.004,0,0.008,0.006,0.002,0,0.002,0.002,0,0,0.002,0.004,0.004,0,0,0,0,0,0.002,0.004,0,0,0,0.002,0,0.002,0.004,0.002,0,0,0,0,0,0,0,0,0,0,0,0,0.004,0,0,0,0
0.006,0.01,0.01,0.084,0.008,0.034,0.014,0.002,0.008,0.016,0.002,0.022,0,0.032,0.074,0.032,0.052,0.022,0.052,0.022,0.042,0.026,0.02,0.036,0.052,0.038,0.042,0.034,0.004,0.076,0.104,0.126,1,0.06,0.192,0.082,0.212,0.018,0.05,0.012,0.018,0.18,0.054,0.006,0.076,0.228,0.004,0.012,0.198,0.214,0.074,0.056,0.034,0.012,0.002,0.03,0.052,0.176,0.006,0.01,0.002,0,0.02,0.014,0.01,0.002,0,0.004,0.002,0.004,0,0,0,0,0,0,0,0,0,0,0,0.002,0,0,0.01,0.006,0.008,0.002,0,0,0.004,0,0.004,0,0.008,0,0,0,0,0,0.012,0.006,0.032,0.01,0.054,0.054,0.002,0.006,0.008,0.004,0.012,0.004,0.004,0.004,0.002,0.012,0.004,0.008,0,0.004,0,0.032,0.004,0.014,0.018,0.048,0.01,0.026,0.012,0.008,0.018,0.014,0.006,0.018,0.006,0.008,0.002,0.006,0.014,0.006,0.024,0.002,0.006,0,0,0.006,0.008,0,0.01,0.012,0,0,0,0,0,0,0,0.004,0,0,0.012,0,0,0.032,0,0.024,0.026,0,0.006,0,0.018,0.012,0.01,0,0,0.002,0,0,0,0,0.008,0.002,0.004,0.002,0,0.002,0,0,0.002,0,0,0,0.002,0,0,0.002,0.002,0,0,0,0.002,0,0,0,0,0.002,0,0.002,0,0.004,0,0,0
0.042,0.002,0.016,0.014,0.002,0.01,0,0.002,0,0.014,0.02,0.036,0.004,0.012,0.01,0.002,0.088,0.03,0.004,0.004,0.05,0.002,0,0.042,0,0.064,0.014,0.024,0.008,0.018,0.192,0.092,0.06,1,0.13,0.112,0.242,0.078,0.218,0.018,0.044,0.21,0.074,0.074,0.122,0.062,0.008,0.016,0.1,0.054,0.262,0.222,0.136,0.022,0.006,0.05,0.062,0.186,0.124,0.01,0.008,0.028,0.062,0.006,0.04,0.016,0.056,0,0.006,0.002,0.026,0.03,0.004,0,0.004,0.002,0.014,0.004,0,0,0.006,0.002,0.002,0.002,0.004,0,0,0.002,0,0.006,0,0,0,0,0,0,0,0,0,0,0,0,0.002,0.002,0.012,0.016,0,0.002,0.024,0,0.034,0.018,0.054,0,0.042,0.052,0,0.016,0,0,0,0,0,0.014,0,0.006,0.002,0,0,0,0.006,0,0.002,0.002,0.002,0.002,0,0.004,0.026,0.006,0.008,0,0.004,0.01,0.002,0,0.014,0.014,0.002,0,0,0,0,0,0,0,0,0.004,0,0,0.004,0,0,0.004,0,0.004,0,0,0,0,0.004,0,0,0,0,0.002,0,0.002,0,0.002,0.004,0,0,0,0,0,0.002,0,0,0,0,0,0,0.002,0,0.002,0,0,0,0,0,0,0,0,0,0,0,0,0,0,0,0,0
0.014,0.006,0.024,0.07,0.006,0.044,0.032,0.038,0.006,0.02,0.034,0.05,0.002,0.084,0.018,0.036,0.09,0.03,0.068,0.058,0.224,0.048,0.03,0.054,0.028,0.058,0.128,0.02,0.008,0.018,0.082,0.066,0.192,0.13,1,0.046,0.146,0.016,0.146,0.004,0.012,0.05,0.006,0.006,0.038,0.11,0,0.018,0.052,0.092,0.178,0.134,0.012,0.012,0,0.004,0.006,0.108,0.014,0.008,0.002,0.002,0.002,0.016,0,0.006,0,0.002,0.004,0.004,0,0.002,0,0,0,0,0,0,0,0,0,0,0,0,0.002,0.006,0.014,0.008,0.002,0.014,0.01,0.002,0,0.004,0,0.012,0,0.002,0.002,0,0.004,0.002,0.018,0.032,0.03,0.016,0.006,0.008,0.016,0.004,0.018,0.046,0.006,0.002,0.024,0.006,0.004,0.012,0,0.004,0.01,0.004,0.004,0.026,0,0.02,0.008,0.01,0.01,0.002,0.006,0.006,0.002,0.01,0.024,0.02,0.004,0,0.008,0.012,0.05,0,0.01,0,0,0.004,0.008,0,0.016,0.01,0,0,0,0,0,0,0,0.002,0,0.002,0.038,0.002,0,0.022,0,0.026,0.008,0.002,0.004,0,0.028,0.006,0.018,0.002,0,0.002,0.002,0,0,0.002,0.006,0.002,0.004,0.002,0.002,0.004,0,0.002,0.002,0.002,0,0,0.002,0.002,0.004,0,0.002,0.002,0.004,0.004,0,0.004,0.004,0.004,0.004,0,0.004,0.004,0.004,0.002,0.002,0.002,0.004
0.102,0.028,0.026,0.034,0.022,0.014,0.002,0.022,0.016,0.01,0,0.004,0.014,0,0.03,0.02,0.024,0.154,0.004,0.008,0.006,0.026,0.024,0.032,0.01,0,0.036,0.02,0.03,0.018,0.05,0.08,0.082,0.112,0.046,1,0.118,0.018,0.126,0.008,0.014,0.074,0.03,0.07,0.004,0.028,0.008,0.056,0.042,0.108,0.068,0.11,0.14,0.088,0.008,0.068,0.168,0.008,0.04,0.004,0.08,0.088,0.018,0.092,0.122,0.014,0.24,0,0.004,0.002,0.014,0,0.012,0.02,0.004,0.002,0.008,0.002,0.01,0.012,0.002,0.002,0.008,0,0.002,0,0,0.004,0.002,0.004,0.004,0.002,0.008,0,0.006,0.004,0,0,0,0.002,0.002,0.002,0.002,0.008,0.026,0.02,0.01,0.014,0.014,0.004,0.008,0,0.028,0.004,0.02,0.042,0.004,0.022,0.008,0.036,0.02,0.002,0.004,0,0,0,0,0.004,0.002,0,0.002,0,0.002,0.004,0.004,0.01,0.002,0.024,0.022,0.004,0.004,0,0,0.006,0.002,0.004,0.016,0.018,0.002,0.002,0,0,0,0.004,0.002,0.002,0.002,0.028,0,0,0,0,0.004,0,0,0,0.008,0.002,0,0,0,0,0,0,0.002,0,0,0,0.002,0,0,0,0,0,0,0,0,0,0,0,0,0.008,0,0.01,0,0.008,0,0,0,0,0,0,0,0,0,0,0,0,0,0,0,0,0
0.02,0,0.004,0.01,0,0.006,0.008,0.002,0,0.004,0.004,0.014,0,0.044,0.012,0.01,0.1,0.028,0.018,0,0.036,0.002,0,0.032,0.026,0.026,0.018,0.026,0.002,0.04,0.066,0.146,0.212,0.242,0.146,0.118,1,0.078,0.204,0.01,0.026,0.154,0.034,0.052,0.06,0.122,0.004,0,0.106,0.066,0.098,0.182,0.194,0.012,0.002,0.036,0.132,0.174,0.088,0.008,0,0.008,0.058,0.026,0.056,0.004,0.018,0,0,0,0.006,0.016,0.004,0,0,0,0.004,0,0,0,0,0.002,0,0,0.002,0.002,0,0,0,0.002,0,0,0.002,0,0,0,0,0,0,0,0.006,0.008,0.022,0.004,0.036,0.058,0.002,0,0.012,0,0.006,0.024,0.028,0.004,0.046,0.036,0,0.006,0.004,0,0,0,0,0.01,0.002,0.018,0,0.022,0.002,0,0.004,0.016,0.004,0,0.002,0.002,0,0.024,0.012,0,0.01,0,0.002,0.002,0,0,0.004,0.006,0,0.002,0,0,0,0,0,0,0,0.006,0,0,0.002,0,0,0,0,0,0,0,0,0,0,0,0,0,0,0,0,0,0,0,0,0,0,0,0,0,0,0,0,0,0,0,0,0,0,0,0,0,0,0,0,0,0,0,0,0,0,0,0,0,0,0,0
0.018,0,0.006,0.004,0.004,0.004,0,0.006,0,0.006,0.026,0.044,0.004,0.034,0.008,0.006,0.11,0.01,0.004,0.014,0.028,0,0,0.022,0.006,0.096,0,0.11,0,0.024,0.032,0.218,0.018,0.078,0.016,0.018,0.078,1,0.068,0.032,0.018,0.038,0.016,0.09,0.09,0.03,0.122,0.042,0.018,0,0.016,0.032,0.048,0.052,0.076,0.076,0.1,0.054,0.138,0.232,0.026,0.012,0.218,0.028,0.04,0.066,0.022,0.022,0.048,0.052,0.056,0.108,0.04,0.01,0.008,0.02,0.014,0.006,0.014,0.022,0,0,0,0,0,0.004,0.002,0,0,0.002,0,0,0,0,0,0,0,0,0,0,0.028,0.016,0.01,0.008,0.01,0.062,0.02,0.006,0.054,0.006,0.036,0.064,0.038,0.01,0.028,0.012,0.002,0.024,0.016,0.002,0,0.002,0,0.004,0.004,0.01,0,0,0.002,0.002,0.002,0,0,0.002,0.012,0.006,0.004,0.028,0.002,0,0.012,0,0.004,0.004,0.002,0.004,0.002,0.004,0,0,0,0.002,0.01,0,0.002,0.002,0,0,0.004,0,0.004,0,0.004,0.002,0,0.002,0,0,0.004,0.006,0.004,0.002,0.01,0,0,0,0,0,0,0,0,0,0,0,0,0,0,0.002,0,0,0,0,0,0,0.002,0,0,0,0,0,0,0,0,0,0,0,0,0,0.002,0,0,0,0
0.04,0.012,0,0.06,0.008,0.044,0.004,0.002,0.024,0.01,0.044,0.072,0.018,0.018,0.014,0.004,0.114,0.136,0.018,0.014,0.074,0.008,0.036,0.13,0.004,0.034,0.056,0.016,0.008,0,0.068,0.072,0.05,0.218,0.146,0.126,0.204,0.068,1,0.004,0.016,0.058,0.006,0.03,0.018,0.03,0.008,0.032,0.006,0.04,0.09,0.25,0.048,0.02,0.012,0.006,0.028,0.042,0.104,0.01,0.002,0.012,0.026,0,0.012,0.04,0.026,0,0,0,0.016,0.03,0.018,0.002,0.002,0.004,0.002,0.004,0.004,0.01,0,0,0.004,0,0.006,0,0.002,0.002,0.002,0.004,0,0.018,0.022,0.002,0.006,0.002,0.002,0.002,0.002,0.002,0,0,0.002,0,0,0,0,0.004,0.014,0.012,0.01,0.022,0.05,0,0.098,0.038,0.006,0.032,0.004,0.004,0,0.002,0.002,0.008,0.002,0.01,0,0.002,0,0.004,0.004,0.006,0.004,0.002,0.008,0.02,0.002,0.022,0.066,0.014,0.024,0.012,0.028,0.014,0.012,0.006,0.038,0.024,0.01,0.004,0,0,0,0,0,0.002,0,0,0,0,0,0,0.002,0,0,0.002,0,0,0.002,0,0,0.002,0,0,0,0.002,0,0,0.002,0,0,0,0,0,0,0.002,0,0,0.002,0,0,0,0,0,0,0,0,0,0,0,0,0,0,0,0,0,0,0.002,0,0,0,0,0
0,0.012,0.006,0.004,0.004,0,0.002,0,0.022,0,0,0,0.014,0.004,0.01,0.008,0,0,0.004,0,0.002,0.002,0.008,0,0.06,0.006,0.01,0.078,0.048,0.158,0.022,0.036,0.012,0.018,0.004,0.008,0.01,0.032,0.004,1,0.32,0.054,0.308,0.166,0.242,0.014,0.242,0.134,0.032,0.026,0.01,0.012,0.096,0.022,0.086,0.156,0.054,0.052,0.056,0.092,0.212,0.07,0.02,0.044,0.14,0.022,0.054,0.022,0.002,0.002,0.004,0,0,0,0.004,0,0.002,0.008,0.002,0,0,0.002,0.002,0,0,0.002,0,0,0,0,0,0.002,0,0,0.006,0,0,0,0,0,0.002,0.002,0.004,0.002,0.008,0.012,0,0,0,0.004,0,0,0.006,0.04,0,0.004,0.004,0,0,0.008,0.002,0.018,0.012,0,0.004,0,0.01,0.006,0.014,0,0.008,0,0.002,0.016,0,0,0.002,0.006,0,0.004,0,0,0.002,0.002,0.016,0.008,0,0.002,0.002,0.002,0.002,0,0,0,0,0,0,0.02,0,0,0,0,0.008,0,0.002,0,0.004,0.002,0,0,0,0,0,0,0,0,0,0,0,0,0.002,0,0,0,0,0,0,0,0,0,0,0.002,0.002,0.002,0,0,0,0,0,0,0,0,0,0,0,0,0,0,0,0,0,0,0
0.012,0.028,0.024,0.014,0.014,0.004,0.002,0.01,0.054,0.006,0.006,0.002,0.028,0.004,0.018,0.018,0,0.006,0.002,0,0.006,0.016,0.01,0.002,0.08,0.018,0.018,0.21,0.064,0.098,0.052,0.092,0.018,0.044,0.012,0.014,0.026,0.018,0.016,0.32,1,0.064,0.198,0.232,0.236,0.006,0.302,0.042,0.098,0.018,0.008,0,0.126,0.094,0.046,0.134,0.01,0.04,0.006,0.046,0.078,0.006,0.016,0.018,0.058,0,0.022,0.004,0.006,0.004,0.016,0,0,0,0.018,0.004,0.006,0.014,0.004,0,0.008,0.002,0.012,0.006,0.002,0,0,0,0.004,0,0,0.004,0,0,0,0,0,0,0,0,0,0.006,0.012,0.006,0,0,0,0.004,0.002,0.012,0.01,0.004,0,0.062,0.002,0.002,0.018,0.004,0,0.006,0,0.012,0.006,0.002,0.004,0.002,0.01,0.018,0.036,0.002,0.012,0.01,0.01,0.02,0,0.002,0,0.002,0.002,0.016,0,0.02,0.008,0.004,0.022,0.02,0.002,0.002,0.002,0,0.004,0.004,0.004,0.002,0.002,0.004,0,0.002,0.002,0.004,0.004,0,0.012,0.002,0.004,0,0.002,0.006,0.002,0.002,0,0,0,0,0.002,0,0,0,0.002,0,0,0,0,0,0,0,0,0,0,0,0,0.002,0,0,0,0,0,0,0,0,0,0,0,0,0,0,0,0,0,0,0,0,0
0.002,0,0,0.032,0,0.014,0.002,0,0.004,0.032,0.018,0.036,0.002,0.006,0.02,0.004,0.022,0.006,0.012,0.004,0.012,0.002,0.002,0.042,0.002,0.034,0.018,0.076,0,0.054,0.106,0.086,0.18,0.21,0.05,0.074,0.154,0.038,0.058,0.054,0.064,1,0.084,0.062,0.144,0.19,0.036,0.016,0.2,0.062,0.138,0.044,0.142,0.046,0.008,0.1,0.184,0.286,0.014,0.016,0.024,0.014,0.088,0.066,0.05,0.014,0.024,0.004,0.01,0.01,0.004,0.006,0.004,0.004,0.002,0,0.01,0.01,0.006,0.012,0.004,0,0.004,0.002,0.004,0,0.004,0,0.002,0.004,0.002,0.002,0.002,0,0,0,0,0,0,0,0,0.002,0.012,0,0.024,0.008,0,0,0.004,0.002,0.018,0.012,0.006,0.004,0,0.018,0.002,0.006,0,0,0,0,0.002,0.004,0.004,0.014,0.002,0.012,0.004,0.004,0.004,0.012,0.004,0.008,0.002,0.004,0,0.004,0.012,0.006,0.014,0,0.006,0.002,0.002,0.002,0.008,0.002,0.002,0.002,0,0,0,0,0,0,0,0,0,0,0.004,0,0.002,0.008,0,0.008,0,0,0,0,0.004,0.002,0.002,0,0,0,0,0,0,0,0,0,0,0,0,0,0,0,0,0,0,0,0,0,0,0,0,0,0,0,0,0,0,0,0,0,0,0,0,0,0,0,0
0.002,0.038,0.002,0.01,0.02,0.01,0.01,0.002,0.04,0,0,0.002,0.034,0.01,0.022,0.02,0,0.006,0.002,0,0.008,0.014,0.008,0,0.078,0.022,0.01,0.096,0.034,0.324,0.082,0.026,0.054,0.074,0.006,0.03,0.034,0.016,0.006,0.308,0.198,0.084,1,0.05,0.136,0.032,0.156,0.034,0.14,0.09,0.058,0.01,0.198,0.048,0.02,0.368,0.12,0.042,0.006,0.032,0.108,0.03,0.028,0.036,0.066,0,0.044,0.002,0.006,0.002,0.008,0.004,0,0.006,0.018,0,0.014,0.012,0.006,0,0.01,0.002,0.01,0.006,0.004,0,0,0,0,0,0,0.002,0.004,0,0.004,0,0,0,0,0,0.014,0.01,0.01,0.006,0.008,0.03,0.004,0.002,0.008,0.004,0,0.008,0.002,0.066,0,0.002,0.002,0,0,0,0.002,0.028,0.03,0.008,0.014,0.01,0.024,0.01,0.034,0.004,0.014,0.004,0.014,0.022,0.002,0.004,0.002,0.01,0,0.006,0,0.004,0,0,0.002,0.006,0,0.002,0.002,0.002,0.002,0,0,0,0,0,0,0.016,0,0,0,0,0.002,0,0,0,0.002,0,0,0,0,0,0,0,0.002,0,0,0,0,0,0.002,0,0,0,0,0,0,0,0,0,0,0,0.002,0,0,0.002,0,0,0,0,0,0,0,0,0,0,0,0,0,0,0,0,0
